7.772228004598908878e-12
9.681752637004887901e-13
1.528368753677318619e-12
1.903866973855548130e-13
2.412694410606010463e-12
3.005458725393757329e-13
3.808697544335205760e-12
4.744439750300963874e-13
6.012438591666292831e-12
7.489608276449246934e-13
9.329697306581692438e-14
1.182315196037613228e-12
1.472793034408508754e-13
1.866411661577807588e-12
2.324962162140044518e-13
2.946331487701559922e-12
3.670202757004291610e-13
4.571918785699881112e-14
5.793809678658593941e-13
7.217265384065612907e-14
9.146151538482599123e-13
1.139322942195650605e-13
