2.348640919978364425e-02
8.195426378275633139e-02
6.231707386278733524e-02
2.174512870859572622e-01
4.738518187551796212e-02
1.653474425054246300e-01
3.603114398984538780e-02
1.257282819957623310e-01
2.739766496259278886e-02
9.560233078952765085e-02
3.335979786915876932e-01
7.269490608881699900e-02
2.536640428337814668e-01
5.527636541514958229e-02
1.928832029472993537e-01
4.203150864210508653e-02
1.466661556111366616e-01
5.117818012414047102e-01
1.115232476081776947e-01
3.891529596816554193e-01
8.480098701196570055e-02
2.959074075351090238e-01
