1.174877881981681412e+03
1.226342664720514222e+03
1.608100127719403417e+03
1.678541937004115880e+03
2.108697752402268179e+03
2.201067924105739166e+03
2.765130189556375626e+03
2.886254969103735220e+03
3.625908434001807564e+03
3.784739060272578627e+03
3.950527161697717020e+03
4.962919044813629625e+03
5.180316575492264747e+03
6.507863568168939310e+03
6.792936416816704877e+03
8.533745531505219333e+03
8.907560858581307912e+03
9.297750929694597289e+03
1.168046270135880332e+04
1.219211798437473954e+04
1.531656208516367951e+04
1.598749440256264279e+04
